# Created by Octave 5.2.0, Mon Nov 02 11:30:38 2020 GMT <unknown@DESKTOP-715M4CH>
# name: v
# type: matrix
# rows: 10
# columns: 1
 3999
 3299
 3690
 2320
 5399
 2999
 3149
 1989
 2120
 2425


